0001    0.0008    0.0008    0   0.0005   -0.0227    0
0101    0.3925   -0.0020    0   0.5315   -0.0222    0
0102    0.5870    0.0047    0   0.7283   -0.0245    0
0103    0.7805    0.0050    0   0.9243   -0.0267    0
0104    0.9738    0.0043    0   1.1275   -0.0190    0
0105    1.1728    0.0013    0   1.3210   -0.0190    0
0106    1.3655    0.0027    0   1.5143   -0.0312    0
0107    1.5592    0.0025    0   1.7050   -0.0158    0
0108    1.7540    0.0030    0   1.8997   -0.0270    0
0109    1.9452    0.0008    0   2.0938   -0.0300    0
0110    2.1405    0.0010    0   2.2905   -0.0243    0
0111    2.3338    0.0010    0   2.4865   -0.0278    0
0112    2.5257    0.0025    0   2.6800   -0.0168    0
0113    2.7203    0.0003    0   2.8752   -0.0240    0
0114    2.9173    0.0027    0   3.0725   -0.0170    0
0115    3.1115    0.0060    0   3.2670   -0.0147    0
0116    3.3038    0.0037    0   3.4612   -0.0272    0
0117    3.4987   -0.0008    0   3.6578   -0.0270    0
0118    3.6908    0.0037    0   3.8522   -0.0285    0
0119    3.8972   -0.0015    0   4.0478   -0.0138    0
0120    4.0910   -0.0005    0   4.2403   -0.0267    0
0121    4.2893   -0.0008    0   4.4327   -0.0260    0
0122    4.4840   -0.0013    0   4.6265   -0.0170    0
0002    4.8797    0.0005    0   5.0185   -0.0155    0
0201    5.2707    0.0020    0   5.4057   -0.0163    0
0202    5.4687    0.0000    0   5.6043   -0.0203    0
0203    5.6653    0.0005    0   5.7985   -0.0190    0
0204    5.8630    0.0013    0   5.9908   -0.0180    0
0205    6.0577    0.0027    0   6.1870   -0.0180    0
0206    6.2512   -0.0003    0   6.3835   -0.0267    0
0207    6.4445    0.0015    0   6.5808   -0.0220    0
0208    6.6412   -0.0003    0   6.7713   -0.0248    0
0209    6.8360    0.0037    0   6.9640   -0.0178    0
0210    7.0273   -0.0005    0   7.1585   -0.0175    0
0211    7.2200   -0.0023    0   7.3565   -0.0185    0
0212    7.4177    0.0015    0   7.5542   -0.0240    0
0213    7.6160   -0.0015    0   7.7530   -0.0243    0
0214    7.8135    0.0005    0   7.9525   -0.0227    0
0215    8.0123    0.0008    0   8.1463   -0.0190    0
0216    8.1975    0.0008    0   8.3430   -0.0207    0
0217    8.4100    0.0023    0   8.5388   -0.0205    0
0218    8.6100   -0.0020    0   8.7355   -0.0260    0
0219    8.8055    0.0020    0   8.9315   -0.0235    0
0220    9.0035   -0.0005    0   9.1285   -0.0200    0
0221    9.1987   -0.0018    0   9.3265   -0.0155    0
0222    9.3972   -0.0005    0   9.5217   -0.0262    0
0003    9.7920    0.0027    0   9.9082   -0.0208    0
0301   10.1878    0.0018    0  10.2987   -0.0180    0
0302   10.3875    0.0018    0  10.4975   -0.0198    0
0303   10.5860   -0.0010    0  10.6958   -0.0142    0
0304   10.7825    0.0018    0  10.8957   -0.0187    0
0305   10.9798    0.0013    0  11.0938   -0.0180    0
0306   11.1807    0.0010    0  11.2900   -0.0265    0
0307   11.3795   -0.0005    0  11.4875   -0.0150    0
0308   11.5778    0.0013    0  11.6857   -0.0243    0
0309   11.7775    0.0015    0  11.8842   -0.0150    0
0310   11.9772    0.0013    0  12.0820   -0.0180    0
0311   12.1800    0.0010    0  12.2802   -0.0238    0
0312   12.3788   -0.0025    0  12.4788   -0.0152    0
0313   12.5797   -0.0037    0  12.6757   -0.0243    0
0314   12.7808    0.0008    0  12.8735   -0.0212    0
0315   12.9798    0.0005    0  13.0722   -0.0255    0
0316   13.1788   -0.0003    0  13.2703   -0.0190    0
0317   13.3805    0.0003    0  13.4695   -0.0155    0
0318   13.5808   -0.0027    0  13.6670   -0.0262    0
0319   13.7812   -0.0020    0  13.8660   -0.0180    0
0320   13.9795   -0.0013    0  14.0652   -0.0158    0
0321   14.1797   -0.0013    0  14.2623   -0.0255    0
0322   14.3797    0.0003    0  14.4612   -0.0142    0
0004   14.6350    0.0005   -1  14.8525   -0.0170    0
0401   15.1662    0.0008    0  15.2473   -0.0160    0
0402   15.3678    0.0015    0  15.4447   -0.0140    0
0403   15.5730    0.0018    0  15.6448   -0.0145    0
0404   15.7688   -0.0020    0  15.8418   -0.0225    0
0405   15.9657    0.0005    0  16.0390   -0.0115    0
0406   16.1653   -0.0030    0  16.2387   -0.0155    0
0407   16.3633   -0.0008    0  16.4395   -0.0243    0
0408   16.5652   -0.0027    0  16.6377   -0.0235    0
0409   16.7635    0.0013    0  16.8390   -0.0140    0
0410   16.9640   -0.0003    0  17.0385   -0.0232    0
0411   17.1640    0.0018    0  17.2378   -0.0118    0
0412   17.3643    0.0010    0  17.4363   -0.0238    0
0413   17.5645    0.0015    0  17.6352   -0.0203    0
0414   17.7642    0.0023    0  17.8345   -0.0257    0
0415   17.9635    0.0030    0  18.0337   -0.0135    0
0416   18.1622    0.0027    0  18.2288   -0.0243    0
0417   18.3643   -0.0030    0  18.4280   -0.0112    0
0418   18.5645    0.0030    0  18.6273   -0.0198    0
0419   18.7667   -0.0010    0  18.8265   -0.0195    0
0420   18.9675    0.0035    0  19.0293   -0.0160    0
0421   19.1703   -0.0008    0  19.2320   -0.0210    0
0422   19.3723    0.0000    0  19.4308   -0.0150    0
0005   19.7625    0.0030    0  19.8342   -0.0220    0
0501   20.1537    0.0025    0  20.2300   -0.0248    0
0502   20.3492    0.0025    0  20.4228   -0.0230    0
0503   20.5448    0.0033    0  20.6148   -0.0090    0
0504   20.7377    0.0027    0  20.8155   -0.0107    0
0505   20.9318    0.0047    0  21.0145   -0.0123    0
0506   21.1253    0.0040    0  21.2108   -0.0272    0
0507   21.3192    0.0018    0  21.4032   -0.0045    0
0508   21.5162    0.0037    0  21.5968   -0.0112    0
0509   21.7135    0.0013    0  21.7913   -0.0255    0
0510   21.9125    0.0037    0  21.9840   -0.0075    0
0511   22.1052    0.0040    0  22.1788   -0.0222    0
0512   22.2990    0.0065    0  22.3758   -0.0123    0
0513   22.4965    0.0023    0  22.5802   -0.0125    0
0514   22.6923    0.0040    0  22.7740   -0.0258    0
0515   22.8925   -0.0025    0  22.9678   -0.0085    0
0516   23.0867    0.0003    0  23.1630   -0.0180    0
0517   23.2817    0.0060    0  23.3582   -0.0265    0
0518   23.4752   -0.0025    0  23.5487   -0.0063    0
0519   23.6720    0.0013    0  23.7423   -0.0243    0
0520   23.8695    0.0008    0  23.9365   -0.0118    0
0521   24.0622    0.0015    0  24.1290   -0.0102    0
0522   24.2578   -0.0055    0  24.3223   -0.0253    0
0006   24.6527   -0.0005    0  24.7193   -0.0050    0
0601   25.0505    0.0027    0  25.1185   -0.0128    0
0602   25.2492    0.0040    0  25.3180   -0.0200    0
0603   25.4517    0.0023    0  25.5165   -0.0125    0
0604   25.6527   -0.0015    0  25.7175   -0.0107    0
0605   25.8507    0.0008    0  25.9180   -0.0245    0
0606   26.0493    0.0000    0  26.1155   -0.0152    0
0607   26.2500    0.0023    0  26.3110   -0.0195    0
0608   26.4475    0.0057    0  26.5100   -0.0095    0
0609   26.6440   -0.0018    0  26.7073   -0.0245    0
0610   26.8432    0.0010    0  26.9085   -0.0217    0
0611   27.0452    0.0015    0  27.1033   -0.0088    0
0612   27.2417    0.0005    0  27.2998   -0.0158    0
0613   27.4390    0.0035    0  27.4965   -0.0115    0
0614   27.6382    0.0000    0  27.6977   -0.0187    0
0615   27.8392   -0.0010    0  27.8948   -0.0208    0
0616   28.0360    0.0025    0  28.0922   -0.0182    0
0617   28.2362    0.0018    0  28.2883   -0.0080    0
0618   28.4355    0.0067    0  28.4860   -0.0212    0
0619   28.6330    0.0027    0  28.6893   -0.0080    0
0620   28.8300    0.0033    0  28.8890   -0.0243    0
0621   29.0272    0.0020    0  29.0873   -0.0183    0
0622   29.2315    0.0040    0  29.2875   -0.0072    0
0007   29.6300    0.0037    0  29.6818   -0.0245    0
0701   30.0302    0.0030    0  30.0787   -0.0133    0
0702   30.2300    0.0005    0  30.2780   -0.0138    0
0703   30.4327    0.0055    0  30.4787   -0.0200    0
0704   30.6347    0.0025    0  30.6782   -0.0192    0
0705   30.8345    0.0055    0  30.8720   -0.0163    0
0706   31.0347    0.0057    0  31.0695   -0.0063    0
0707   31.2372    0.0005    0  31.2698   -0.0088    0
0708   31.4397    0.0057    0  31.4683   -0.0095    0
0709   31.6400    0.0020    0  31.6642   -0.0165    0
0710   31.8397    0.0027    0  31.8618   -0.0060    0
0711   32.0390    0.0005    0  32.0570   -0.0248    0
0712   32.2332    0.0043    0  32.2575   -0.0027    0
0713   32.4350    0.0008    0  32.4540   -0.0238    0
0714   32.6350    0.0010    0  32.6523   -0.0230    0
0715   32.8360    0.0047    0  32.8500   -0.0063    0
0716   33.0392   -0.0025    0  33.0472   -0.0163    0
0717   33.2432   -0.0025    0  33.2452   -0.0130    0
0718   33.4485   -0.0035    0  33.4405   -0.0040    0
0719   33.6448   -0.0018    0  33.6405   -0.0130    0
0720   33.8455   -0.0027    0  33.8390   -0.0170    0
0721   34.0515   -0.0057    0  34.0400   -0.0240    0
0722   34.2550    0.0075    0  34.2323   -0.0027    0
0008   34.7060    0.0037    0  34.6315   -0.0050    0
0801   35.1097    0.0008    0  35.0230   -0.0198    0
0802   35.3072    0.0045    0  35.2293   -0.0120    0
0803   35.5057    0.0020    0  35.4363   -0.0023    0
0804   35.7052   -0.0010    0  35.6335   -0.0225    0
0805   35.9070    0.0013    0  35.8310   -0.0238    0
0806   36.1070    0.0043    0  36.0280   -0.0165    0
0807   36.3057   -0.0008    0  36.2260   -0.0190    0
0808   36.4757    0.0013    0  36.4265   -0.0160    0
0809   36.7080   -0.0018    0  36.6268   -0.0215    0
0810   36.9068    0.0005    0  36.8255   -0.0018    0
0811   37.1050    0.0027    0  37.0243   -0.0227    0
0812   37.3070   -0.0070    0  37.2220   -0.0020    0
0813   37.5067   -0.0037    0  37.4200   -0.0010    0
0814   37.7043    0.0005    0  37.6160   -0.0225    0
0815   37.9025   -0.0003    0  37.8130   -0.0005    0
0816   38.1033    0.0025    0  38.0102   -0.0200    0
0817   38.3030    0.0033    0  38.2110   -0.0155    0
0818   38.5005   -0.0020    0  38.4098   -0.0215    0
0819   38.6987   -0.0008    0  38.6080   -0.0210    0
0820   38.8985   -0.0063    0  38.8055   -0.0105    0
0821   39.0975    0.0018    0  38.9982   -0.0168    0
0822   39.2980   -0.0035    0  39.1955   -0.0060    0
0009   39.6945    0.0020    0  39.5928   -0.0025    0
0901   40.0935    0.0020    0  39.9915    0.0005    0
0902   40.2895   -0.0018    0  40.1860   -0.0225    0
0903   40.4835   -0.0040    0  40.3803   -0.0025    0
0904   40.6790   -0.0025    0  40.5738   -0.0170    0
0905   40.8757   -0.0037    0  40.7720   -0.0100    0
0906   41.0720   -0.0030    0  40.9690   -0.0138    0
0907   41.2705   -0.0003    0  41.1677    0.0000    0
0908   41.4725    0.0052    0  41.3630    0.0005    0
0909   41.6668   -0.0100    0  41.5575   -0.0243    0
0910   41.8618    0.0035    0  41.7553   -0.0037    0
0911   42.0590    0.0050    0  41.9502   -0.0250    0
0912   42.2567   -0.0095    0  42.1487   -0.0025    0
0913   42.4547   -0.0080    0  42.3453   -0.0037    0
0914   42.6487    0.0040    0  42.5410    0.0027    0
0915   42.8480    0.0015    0  42.7350   -0.0248    0
0916   43.0468   -0.0095    0  42.9297   -0.0027    0
0917   43.2415    0.0035    0  43.1245    0.0025    0
0918   43.4370   -0.0060    0  43.3155   -0.0265    0
0919   43.6315   -0.0090    0  43.5090   -0.0033    0
0920   43.8255   -0.0080    0  43.7055   -0.0205    0
0921   44.0212    0.0025    0  43.9030   -0.0033    0
0922   44.2175   -0.0055    0  44.0985   -0.0045    0
0010   44.6050    0.0013    0  44.4883   -0.0060    0
1001   45.0012   -0.0057    0  44.8810    0.0043    0
1002   45.1957   -0.0045    0  45.0752    0.0025    0
1003   45.3918    0.0050    0  45.2640   -0.0257    0
1004   45.5842   -0.0085    0  45.4578   -0.0230    0
1005   45.7780    0.0070    0  45.6513   -0.0270    0
1006   45.9727    0.0027    0  45.8458    0.0050    0
1007   46.1690    0.0080    0  46.0393    0.0025    0
1008   46.3588   -0.0090    0  46.2353   -0.0175    0
1009   46.5500   -0.0050    0  46.4293   -0.0225    0
1010   46.7425   -0.0045    0  46.6280   -0.0160    0
1011   46.9380   -0.0023    0  46.8205    0.0025    0
1012   47.1372   -0.0135    0  47.0125   -0.0138    0
1013   47.3307   -0.0140    0  47.2028   -0.0175    0
1014   47.5230    0.0070    0  47.3987   -0.0245    0
1015   47.7137   -0.0138    0  47.5922   -0.0203    0
1016   47.9080   -0.0107    0  47.7835    0.0050    0
1017   48.1010    0.0025    0  47.9738    0.0055    0
1018   48.2918   -0.0128    0  48.1635   -0.0272    0
1019   48.4855   -0.0138    0  48.3565   -0.0140    0
1020   48.6797   -0.0103    0  48.5513    0.0040    0
1021   48.8710   -0.0115    0  48.7437   -0.0292    0
1022   49.0615    0.0060    0  48.9378    0.0055    0
0011   49.4560    0.0027    0  49.3308    0.0065    0
1101   49.8520    0.0040    0  49.7175    0.0033    0
1102   50.0495   -0.0020    0  49.9147   -0.0015    0
1103   50.2503   -0.0063    0  50.1127   -0.0128    0
1104   50.4495   -0.0003    0  50.3092   -0.0152    0
1105   50.6460   -0.0085    0  50.5075   -0.0160    0
1106   50.8455   -0.0080    0  50.7040   -0.0040    0
1107   51.0512   -0.0015    0  50.8997   -0.0010    0
1108   51.2465   -0.0135    0  51.0955   -0.0145    0
1109   51.4438   -0.0110    0  51.2933   -0.0155    0
1110   51.6392    0.0010    0  51.4920   -0.0003    0
1111   51.8383   -0.0090    0  51.6930   -0.0063    0
1112   52.0365   -0.0063    0  51.8945   -0.0025    0
1113   52.2370   -0.0072    0  52.0947   -0.0072    0
1114   52.4367   -0.0065    0  52.2980   -0.0070    0
1115   52.6370   -0.0025    0  52.4973    0.0010    0
1116   52.8387   -0.0018    0  52.6985   -0.0200    0
1117   53.0392   -0.0015    0  52.8970   -0.0095    0
1118   53.2385   -0.0083    0  53.0940   -0.0047    0
1119   53.4355   -0.0052    0  53.2953   -0.0185    0
1120   53.6317    0.0030    0  53.4910   -0.0015    0
1121   53.8278   -0.0075    0  53.6908   -0.0013    0
1122   54.0277    0.0025    0  53.8895    0.0020    0
0012   54.4305   -0.0005    0  54.2867   -0.0035    0