  px       A    Slit; VPHG940@600 (2Kx4.5K); first string - recomended l0,l1,dl
  4820 6870      0.9
   394 5015.68    0
   418 5037.75    0
   462 5080.38    0
   792 5400.56    0
   825 5433.65    0
  1148 5764.42    0
  1232 5852.49    0
  1254 5875.97    0
  1319 5944.83    0
  1399 6029.99    0
  1440 6074.34    0
  1460 6096.16    0
  1503 6143.06    0
  1617 6266.50    0
  1678 6334.02    0
  1834 6506.53    0
  1916 6598.95    0
  1987 6678.15    0
  2021 6717.04    0
   131 5015.68    1
   187 5080.38    1
   468 5400.56    1
   782 5764.42    1
   832 5820.15    1
   859 5852.49    1
   939 5944.83    1
  1013 6029.99    1
  1051 6074.34    1
  1070 6096.16    1
  1110 6143.06    1
  1217 6266.50    1
  1275 6334.02    1
  1425 6506.53    1
  1505 6598.95    1
  1574 6678.15    1
  1608 6717.04    1
  1794 6929.47    1
  1884 7032.41    1