  px       A    Slit; VPHG940@600 (2Kx4.5K); first string - recomended l0,l1,dl
  4820 6870      0.9
   219 4921.93    0
   320 5015.68    0
   344 5037.75    0
   648 5330.78    0
   659 5341.60    0
   718 5400.56    0
   751 5433.65    0
  1075 5764.42    0
  1159 5852.49    0
  1247 5944.83    0
  1275 5975.05    0
  1327 6029.99    0
  1367 6074.34    0
  1388 6096.16    0
  1432 6143.06    0
  1545 6266.50    0
  1606 6334.02    0
  1763 6506.53    0
  1846 6598.95    0
  1916 6678.15    0
  1950 6717.04    0
   73 5015.68     1
   92 5037.75     1
   350 5330.78    1
   359 5341.60    1
   411 5400.56    1
   727 5764.42    1
   775 5820.15    1
   803 5852.49    1
   883 5944.83    1
   909 5975.05    1
  957 6029.99    1
  995 6074.34    1
  1014 6096.16    1
  1055 6143.06    1
  1161 6266.50    1
  1220 6334.02    1
  1279 6402.25    1
  1370 6506.53    1
  1450 6598.95    1
  1519 6678.15    1
  1553 6717.04    1
  1740 6929.47    1
  1830 7032.41    1