  px       A    Slit; VPHG1200@540 (2Kx4.5K); first string - recomended l0,l1,dl
  4460 5800      0.6 
   128 4471.48    0
   487 4713.30    0
   543 4752.73    0
   662 4837.32    0
   699 4864.92    0
   729 4885.10    0
   779 4921.93    0
   906 5015.68    0
   936 5037.75    0
   992 5080.38    0
  1077 5145.05    0
  1134 5188.30    0
  1317 5330.76    0
  1331 5341.60    0
  1405 5400.56    0
  1446 5433.65    0
  1524 5495.68    0
  1605 5561.95    0
  1761 5689.82    0
  1851 5764.42    0
  1918 5820.15    0
  1956 5852.49    0
  1984 5875.97    0
    99 4181.88    1
    111 4191.00    1
    121 4199.80    1
   193 4259.36    1
   284 4333.95    1
   298 4345.17    1
   349 4367.93    1
   393 4427.30    1
   449 4471.48    1
   735 4713.30    1
   780 4752.73    1
   977 4921.93    1
  1085 5015.68    1
  1110 5037.75    1
  1159 5080.38    1
  1233 5145.05    1
  1283 5186.30    1
  1310 5203.90    1
  1445 5330.76    1
  1457 5341.60    1
  1525 5400.56    1
  1562 5433.65    1
  1632 5495.68    1
  1853 5689.82    1
  1921 5748.30    1
  1939 5764.42    1
  2003 5820.15    1
  2040 5852.49    1
  2056 5875.97    1
